1.000000
1.005000
7.000000
6.419975
4.000000
0.335950
0.000000
1.504480
9.000000
9.230308
4.000000
-0.600098
8.000000
11.270967
8.000000
2.711433
2.000000
4.034733
4.000000
4.417446
5.000000
5.020543
5.000000
4.644366
1.000000
0.997222
7.000000
9.252975
1.000000
-2.721181
1.000000
6.082934
5.000000
2.683400
2.000000
2.675779
7.000000
7.433081
6.000000
3.351643
1.000000
1.884042
4.000000
5.437917
2.000000
0.680317
3.000000
5.119308
2.000000
0.552207
2.000000
3.921615
1.000000
0.086642
6.000000
7.818991
8.000000
4.379148
5.000000
4.922256
7.000000
6.632574
6.000000
4.732517
1.000000
1.377596
8.000000
10.306785
9.000000
4.935137
2.000000
2.815575
7.000000
8.804823
9.000000
6.433801
5.000000
4.894695
4.000000
4.871121
3.000000
3.529239
1.000000
2.124264
2.000000
3.532859
3.000000
3.060491
3.000000
3.324120
4.000000
4.037614
1.000000
0.572223
1.000000
2.858463
3.000000
2.724576
8.000000
7.942178
7.000000
3.777988
4.000000
4.602216
2.000000
1.846851
7.000000
8.614228
7.000000
3.835496
9.000000
10.036267
3.000000
-0.193600
1.000000
5.323914
9.000000
8.255103
8.000000
5.762280
6.000000
6.175182
5.000000
4.847839
0.000000
0.693810
2.000000
4.957837
8.000000
7.194196
6.000000
4.144840
0.000000
0.722946
2.000000
4.528767
4.000000
3.197629
8.000000
8.352945
6.000000
3.056145
5.000000
6.469028
0.000000
-1.229862
9.000000
13.006977
0.000000
-6.337597
0.000000
8.017094
6.000000
2.058945
1.000000
2.256820
3.000000
3.639587
8.000000
7.563168
9.000000
6.351048
3.000000
2.128579
4.000000
6.060680
4.000000
2.831375
6.000000
7.282215
0.000000
-1.979576
6.000000
10.497892
6.000000
1.073558
1.000000
3.783244
8.000000
8.043465
4.000000
1.407194
9.000000
11.525560
6.000000
1.320543
3.000000
6.416953
7.000000
5.950819
8.000000
7.662985
8.000000
6.754600
2.000000
1.780893
9.000000
11.938087
1.000000
-3.482119
2.999989
9.740728
11.279041
7.277956
21.533312
20.698629
26.738121
18.080242
28.868979
25.310108
30.901690
24.378716
43.812447
40.552696
48.577919
36.791428
51.175358
46.449059
59.582668
50.914265
59.778515
51.883255
68.742393
63.485165
72.454704
62.259800
74.896858
69.572922
77.051315
69.424950
89.901695
85.505447
91.432785
79.009003
90.630661
87.175476
97.482697
90.474655
94.977646
88.770866
101.105644
98.472031
96.858315
89.348549
99.228722
100.324165
105.211472
99.200935
104.802673
101.898827
107.000000
103.632881
104.802673
101.724815
103.211472
102.530838
99.228729
98.311211
98.858322
100.882774
95.105659
94.726524
92.977654
96.495682
91.482712
92.495575
91.630676
94.675522
90.432800
90.914108
80.901711
83.435387
84.051331
90.140762
73.896873
73.389862
75.454720
85.376900
70.742409
69.328453
65.778534
74.698151
60.582691
62.604393
51.175381
59.710915
45.577942
52.408398
41.812469
50.323460
39.901714
46.242458
33.869003
40.111420
26.738148
34.166981
13.533340
21.526001
14.279068
26.762487
2.000016
6.193663
-0.279036
14.757474
-6.533307
-2.815227
-18.738115
-5.862717
-21.868973
-12.342496
-22.901684
-13.270278
-36.812439
-30.569077
-41.577915
-27.325037
-46.175354
-39.671925
-48.582664
-37.183567
-58.778511
-53.545189
-54.742386
-41.620010
-64.454697
-63.946556
-65.896851
-51.983429
-69.051315
-68.061150
-77.901688
-67.549232
-79.432785
-73.574814
-86.630661
-79.496178
-88.482697
-80.622978
-92.977638
-87.622917
-94.105644
-86.646645
-90.858315
-86.986679
-94.228722
-91.728226
-99.211472
-94.852303
-93.802673
-89.268852
-99.000000
-99.726349
-91.802673
-85.821808
-90.211472
-95.115517
-90.228729
-87.486984
-92.858322
-95.888069
-94.105659
-90.795799
-88.977654
-90.082687
-87.482712
-88.569870
-78.630676
-80.157875
-76.432800
-82.464081
-72.901711
-75.076500
-77.051338
-82.875633
-64.896873
-63.554516
-61.454727
-72.421143
-56.742416
-57.855000
-50.778542
-60.296684
-50.582695
-54.772369
-40.175385
-45.992550
-39.577950
-48.401466
-29.812475
-33.559452
-29.901720
-41.190643
-24.869009
-26.925673
-11.738153
-21.600124
-9.533344
-18.655790
-2.279073
-9.481988
8.999957
-0.837096
18.558062
7.462934
30.066605
18.440987
38.476219
24.885132
49.737934
37.753723
70.803360
55.908577
82.624870
62.722439
91.155815
75.166290
104.350693
87.285835
110.165321
92.619400
121.557014
107.891136
135.484756
118.085175
140.909393
124.336090
154.793701
141.161179
163.102615
144.747299
163.803375
150.666672
173.865555
162.467056
180.261307
166.294235
183.965393
173.315247
188.955276
178.343048
193.211288
183.833572
200.716614
191.809601
200.457443
190.276367
201.422928
196.287888
207.605347
200.905777
200.000000
193.147552
207.605347
208.286743
206.422943
197.589844
196.457458
197.661011
199.716644
200.408356
198.211319
196.940735
186.955322
188.255859
189.965439
196.054108
183.261353
182.104614
177.865616
185.656555
168.803421
171.240982
156.102676
166.286209
147.793762
156.851395
144.909454
156.054443
129.484833
136.544098
125.557091
141.649902
116.165405
122.607208
96.350777
111.710098
92.155907
107.947136
81.624962
93.290123
62.803448
78.609772
54.738029
73.083931
45.476315
59.747604
31.066700
47.644585
13.558157
30.745039
2.000054
22.505644
-8.558050
8.650640
-23.066593
-4.420052
-32.476212
-13.424298
-41.737926
-24.923824
-55.803349
-38.826714
-71.624863
-53.093910
-79.155807
-59.433643
-91.350685
-75.776505
-104.165314
-84.968170
-108.557007
-91.517365
-125.484756
-111.407349
-132.909378
-112.414726
-139.793686
-126.984177
-153.102615
-136.639557
-153.803360
-138.093826
-166.865555
-156.670090
-174.261307
-156.884323
-179.965393
-169.494019
-176.955276
-163.001083
-183.211288
-178.876373
-187.716614
-175.469894
-194.457443
-189.260880
-189.422928
-177.885529
-194.605347
-194.685028
-198.000000
-187.818298
-199.605347
-197.725754
-198.422943
-191.252899
-193.457458
-193.102127
-184.716644
-183.333420
-189.211319
-194.366882
-177.955322
-174.245819
-179.965439
-190.034485
-166.261368
-162.571472
-163.865616
-178.402283
-158.803436
-157.797150
-152.102692
-164.035980
-140.793762
-144.053177
-134.909470
-149.013031
-122.484848
-127.813660
-109.557098
-125.602287
-101.165413
-112.047089
-89.350792
-104.052521
-78.155914
-91.748985
-71.624969
-87.207794
-59.803459
-71.812607
-40.738037
-57.198689
-33.476326
-52.176182
-24.066710
-38.241432
-3.558168
-20.412916
5.999904
-14.884278
27.837059
12.112262
45.599873
19.839359
58.214298
38.192337
79.606873
56.572670
97.705002
72.839668
114.437271
89.761612
136.733704
111.799690
145.526016
117.249657
162.747955
142.637253
181.335495
153.943649
191.227127
168.035110
213.364059
191.041275
221.690521
194.379532
240.153915
221.913391
245.705032
218.054855
262.298309
248.235504
268.891968
242.125702
278.448059
266.250458
287.932922
265.987976
294.316925
281.413879
297.574921
280.483490
300.686157
291.070587
306.634399
294.469391
302.408020
293.054810
305.000000
300.294983
306.408020
299.191711
303.634430
299.987427
300.686188
298.010193
295.574982
295.158783
293.316986
294.796753
280.932983
281.974976
276.448151
284.868195
266.892059
270.104218
257.298431
268.172211
243.705154
251.304474
237.154037
251.944168
219.690659
228.038818
211.364212
230.884735
194.227280
204.054230
179.335663
201.489746
165.748138
180.464462
149.526199
171.050293
130.733887
149.225937
112.437469
136.691849
100.705200
122.764648
76.607071
98.144196
61.214504
89.006042
40.600082
62.654373
24.837267
53.991165
1.000113
23.561563
-10.837043
21.126421
-31.599857
-11.145300
-54.214283
-22.438591
-73.606857
-47.854248
-88.704987
-57.911942
-104.437256
-80.006775
-125.733681
-97.786125
-135.526001
-108.053917
-159.747940
-137.213715
-171.335480
-140.161438
-191.227112
-170.926636
-202.364044
-171.541779
-212.690506
-193.974762
-227.153900
-202.376251
-233.705032
-213.828140
-251.298309
-232.541000
-253.891953
-231.298553
-268.448059
-255.797073
-274.932892
-252.474121
-281.316925
-269.974030
-290.574921
-273.179504
-289.686157
-277.346375
-288.634399
-278.724792
-293.408020
-286.678284
-297.000000
-288.151276
-295.408020
-289.221466
-295.634430
-291.291504
-286.686188
-282.787537
-282.574982
-285.415222
-278.316986
-278.388123
-273.932983
-278.239563
-263.448181
-266.056366
-261.892059
-270.871704
-251.298447
-253.666855
-237.705170
-249.544220
-224.154053
-233.665863
-214.690674
-230.003998
-201.364227
-212.668945
-187.227295
-204.475464
-172.335678
-187.551193
-156.748138
-176.072189
-142.526215
-160.987656
-118.733902
-138.831665
-107.437485
-132.887573
-92.705215
-111.443481
-67.607086
-91.742172
-49.214520
-75.541168
-29.600098
-55.093079
-11.837284
-39.432419
2.999829
-22.944342
25.116035
-0.311052
53.133121
24.295673
82.952354
50.884995
101.475784
66.215385
128.606628
98.351486
149.249664
111.698448
170.311554
139.868683
195.701309
160.480972
221.330566
187.869980
237.113953
200.521088
263.969452
234.552124
280.818726
242.592773
296.587341
268.951935
311.205170
278.711090
327.606689
302.346680
340.731079
311.307953
352.522583
329.558655
362.930756
338.148621
372.910522
352.933411
383.422546
362.537079
389.433228
371.143158
397.914856
381.794495
399.845856
383.739868
404.210693
393.435577
401.000000
388.640869
401.210693
396.761597
398.845917
391.226563
394.914948
393.724792
393.433319
391.192383
384.422668
384.585052
371.910675
375.975372
368.930908
376.593201
350.522766
354.626160
340.731262
356.529541
327.606903
335.807831
308.205414
325.640747
291.587585
308.110168
278.818970
299.306946
257.969727
275.460419
236.114258
260.986786
214.330872
237.892059
198.701630
226.769058
177.311890
200.737488
152.250000
181.980484
123.606979
152.645187
99.476143
134.575699
78.952713
110.815849
55.133484
88.519249
29.116400
62.507515
9.000193
44.689980
-20.116014
11.902409
-44.133102
-5.149162
-70.952332
-37.423714
-91.475769
-51.886276
-121.606613
-89.312477
-146.249634
-104.275177
-164.311539
-130.228653
-184.701294
-148.636169
-211.330551
-178.715897
-234.113937
-196.419708
-250.969437
-217.762848
-265.818695
-233.060638
-287.587311
-258.818634
-299.205170
-266.386108
-321.606689
-297.519653
-337.731049
-304.449493
-343.522583
-319.465088
-361.930725
-338.509521
-365.910522
-340.338867
-380.422546
-364.120697
-380.433228
-356.200745
-392.914856
-383.348206
-391.845856
-369.574310
-393.210693
-388.328888
-393.000000
-378.647644
-396.210693
-393.567322
-388.845917
-378.132202
-388.914948
-391.936737
-378.433319
-371.764709
-378.422668
-386.746948
-365.910675
-361.677612
-356.930908
-369.650604
-343.522766
-346.183441
-330.731293
-346.568268
-319.606934
-328.767303
-303.205444
-319.446777
-284.587585
-299.871216
-264.819000
-285.780029
-246.969757
-267.983276
-232.114273
-255.433929
-214.330902
-235.811432
-190.701660
-215.369614
-168.311905
-195.388062
-144.250015
-172.473984
-117.607002
-148.291580
-92.476158
-125.410248
-73.952736
-107.468521
-45.133507
-75.931839
-20.116421
-57.604416
3.999732
-29.427975
31.394991
-5.600346
64.666351
28.223694
99.690392
57.489159
124.344681
81.435608
160.508240
120.479065
185.062027
137.484909
213.889404
175.271179
241.876602
195.925797
274.913177
235.060822
296.892395
249.352280
318.711792
281.736267
342.273346
300.575897
368.484131
332.242859
393.256439
352.440155
407.508331
370.904938
422.163818
389.133606
439.153198
408.410706
454.413422
424.387787
473.888153
446.324097
475.528168
445.708984
487.291504
469.932434
499.143585
474.070313
504.057312
486.596344
504.013336
485.954407
507.000000
496.630798
506.013367
493.309540
496.057373
490.452972
499.143677
497.557861
493.291656
487.982727
478.528351
481.126923
464.888336
470.552979
459.413635
469.216217
442.153473
448.731964
429.164124
445.518860
412.508667
424.144684
388.256805
408.115753
371.484497
393.027893
343.273773
365.190643
318.712219
348.646698
293.892853
321.722137
275.913635
308.852051
243.877090
271.221619
216.889908
256.023926
189.062546
221.545212
154.508774
194.748383
125.345230
165.555634
97.690948
139.352371
67.666908
108.358925
37.395554
80.429543
2.000295
44.537380
-31.394964
15.712399
-59.666325
-14.116634
-88.690369
-43.461876
-118.344658
-73.605988
-148.508209
-103.577095
-178.061996
-133.118484
-205.889374
-161.191956
-234.876572
-191.227173
-260.913147
-216.677811
-286.892395
-245.103455
-317.711761
-275.592346
-333.273346
-289.621765
-363.484100
-329.031036
-379.256439
-334.739960
-402.508331
-372.578979
-415.163788
-374.289124
-436.153198
-410.824615
-445.413391
-408.062164
-458.888123
-438.352417
-470.528168
-439.858154
-483.291504
-464.135590
-488.143555
-461.930115
-487.057312
-472.755249
-490.013336
-474.892090
-495.000000
-484.698730
-490.013397
-477.860443
-494.057404
-490.996979
-485.143677
-475.260834
-479.291656
-482.963318
-472.528351
-469.988098
-462.888367
-469.238342
-448.413666
-452.588196
-434.153503
-446.728882
-418.164124
-429.162354
-402.508667
-419.707733
-378.256836
-394.165497
-355.484528
-380.442902
-340.273773
-363.461060
-315.712250
-339.783264
-286.892883
-315.554352
-264.913666
-296.684845
-239.877121
-270.219452
-207.889938
-241.977798
-177.062576
-214.474960
-146.508804
-185.455612
-119.345253
-160.149475
-85.690971
-125.306168
-59.666935
-104.427872
-29.395580
-68.688065
3.999614
-41.078449
38.673927
-4.891624
76.199554
28.319500
117.428406
68.807091
158.213562
104.709625
190.409821
136.745911
221.874374
170.469940
255.467224
204.392349
295.051849
244.082458
325.495758
271.025513
357.670837
308.895264
385.454102
333.390320
410.727966
364.846985
445.380920
398.990417
471.307709
422.930298
486.409973
443.016479
509.596558
471.568451
529.783813
489.778442
549.896057
515.018188
561.865723
525.719299
576.633789
548.611938
584.149780
553.503845
595.372253
574.158081
600.268799
575.037292
600.816040
585.226746
608.000000
592.519409
599.816040
586.089722
595.268860
590.977661
592.372437
586.816589
582.150024
581.321777
575.634033
578.459167
562.866028
566.234253
544.896423
554.273132
527.784180
540.589844
507.596985
523.483582
492.410431
512.248291
466.308197
484.868164
445.381470
473.052124
412.728577
436.284149
385.454712
421.800507
358.671478
389.060181
324.496429
362.428162
289.052551
327.753906
258.467957
302.557831
225.875122
267.389252
187.410583
233.440704
157.214340
205.236786
112.429199
158.063354
82.200356
138.052536
39.674728
84.995232
2.000418
61.216591
-32.673893
16.991596
-66.199524
-9.757254
-111.428375
-61.659599
-149.213531
-88.047867
-177.409790
-124.957054
-215.874344
-162.255920
-255.467194
-200.920517
-282.051819
-226.053192
-312.495728
-263.903900
-352.670807
-300.790344
-377.454071
-324.121796
-407.727966
-361.824951
-433.380890
-383.122223
-461.307678
-418.467529
-485.409943
-438.409302
-502.596527
-462.473511
-517.783813
-479.240875
-537.896057
-504.770996
-548.865723
-513.583069
-568.633789
-542.304565
-576.149780
-542.958557
-585.372253
-565.213989
-594.268738
-568.710876
-595.816040
-578.440247
-591.000000
-574.673950
-593.816040
-586.385803
-587.268860
-575.659424
-587.372437
-586.988037
-574.150024
-566.945313
-561.634033
-569.497253
-551.866028
-554.953552
-541.896423
-552.559631
-518.784241
-526.492065
-499.596985
-520.000183
-484.410461
-500.469635
-453.308228
-474.647675
-437.381470
-465.785645
-407.728577
-429.934875
-378.454742
-413.425812
-351.671509
-382.475342
-314.496460
-351.569275
-284.052582
-324.873352
-252.467972
-292.951233
-217.875153
-261.329468
-183.410629
-228.455414
-145.214371
-191.953278
-111.429230
-161.414047
-73.200386
-121.462784
-28.674761
-81.618530
-0.000525
-55.752064
51.952839
3.168320
94.732742
29.898664
135.166397
80.376961
179.082413
115.820450
222.311386
163.159851
265.686707
201.733398
298.045013
236.517639
344.227112
286.528198
382.078308
317.334839
415.449249
358.192810
449.196381
390.279358
480.182587
425.610504
513.277649
459.330017
545.358948
492.761658
569.311584
517.655029
591.029236
545.130798
614.414429
570.385315
642.378723
600.842529
650.843323
607.523743
669.739380
639.909912
680.008057
642.507019
696.600952
672.722656
697.480225
664.807190
699.618652
684.961060
704.000000
682.984009
706.618774
695.297241
696.480347
682.164246
687.601196
687.024841
683.008362
679.677673
670.739746
673.172302
659.843750
665.209167
636.379150
644.320740
615.414917
632.790039
599.029846
616.349426
573.312195
593.546204
543.359619
569.192627
518.278442
548.422485
480.183380
510.648895
450.197235
491.266266
414.450134
450.600372
380.079224
426.282196
342.228058
384.441620
300.046021
350.544464
263.687714
314.314484
224.312424
276.423065
183.083466
237.083740
133.167465
189.135040
96.733818
159.194031
48.953926
104.247887
9.000563
75.308784
-39.952801
17.020561
-82.732704
-13.398144
-131.166367
-71.482025
-169.082367
-98.230522
-208.311356
-149.914398
-249.686661
-183.524216
-298.044983
-238.306915
-336.227081
-267.357880
-372.078278
-313.443176
-409.449219
-346.539398
-444.196350
-386.644562
-477.182556
-418.544525
-503.277649
-448.961426
-539.358887
-488.576355
-563.311584
-508.966492
-590.029236
-545.298035
-610.414429
-561.665405
-630.378662
-591.406555
-643.843323
-602.515991
-665.739380
-634.412659
-669.008057
-630.876953
-682.600952
-662.072510
-689.480225
-658.238586
-690.618652
-674.320496
-697.000000
-677.498596
-691.618774
-678.016785
-686.480347
-678.022766
-684.601196
-679.541931
-671.008362
-666.995178
-656.739746
-661.926819
-647.843750
-653.986450
-624.379211
-632.770569
-612.414978
-630.303223
-583.029846
-595.062378
-564.312256
-592.893494
-531.359619
-549.573181
-510.278442
-547.463867
-478.183411
-501.499146
-438.197235
-479.945343
-407.450165
-445.355469
-367.079254
-410.593414
-331.228088
-378.217285
-298.046051
-345.666656
-248.687744
-296.710480
-213.312469
-271.651764
-174.083496
-223.983551
-131.167511
-189.803085
-79.733856
-135.313446
-36.953960
-103.140320
5.999314
-52.903927
53.231731
-12.320965
105.265907
41.656788
155.904373
85.278305
203.951248
135.441513
255.212936
183.992538
297.498993
225.599335
349.622803
281.602844
389.402344
314.854553
436.660858
372.132324
473.227631
399.970245
518.938660
458.474396
554.637207
483.052765
589.174438
531.640564
620.410156
556.600586
652.213196
599.072388
683.461975
626.004089
707.044983
656.450623
724.861328
676.190369
748.820923
707.858765
765.844971
722.172302
775.866333
741.126343
794.829651
762.634766
799.691650
767.386414
802.421326
780.260315
805.000000
783.937683
802.421448
787.597839
795.691833
784.580933
790.829956
786.016296
777.866699
774.054504
762.845459
767.791931
749.821472
756.528381
731.861938
742.644531
703.045715
717.804382
681.462708
705.312927
653.213989
674.923950
619.411072
650.732178
592.175415
625.484985
551.638184
586.710999
514.939758
559.334656
476.228790
519.224487
430.662048
480.554962
390.403564
443.560364
343.624084
397.673950
299.500305
359.519806
253.214279
312.069000
204.952606
268.772522
150.905762
215.125900
104.267311
175.076157
54.233143
120.663330
6.000729
78.587372
-48.231686
20.474178
-94.265862
-18.053242
-141.904327
-73.166260
-196.951202
-122.594666
-242.212906
-167.921432
-289.498962
-217.758652
-339.622772
-266.667908
-385.402283
-312.266724
-427.660828
-356.419159
-465.227600
-395.974915
-508.938629
-443.707275
-540.637146
-472.757965
-577.174377
-519.134033
-616.410095
-553.687134
-647.213135
-588.864441
-673.461914
-617.320435
-697.044983
-646.306763
-720.861328
-673.025085
-740.820923
-696.080261
-754.844971
-714.156128
-772.866333
-737.652405
-777.829651
-742.511108
-791.691650
-767.722961
-795.421326
-765.760559
-796.000000
-779.501099
-795.421448
-777.193481
-789.691833
-780.194092
-782.829956
-775.298767
-768.866699
-767.289124
-752.845459
-756.709961
-739.821472
-748.515503
-716.861938
-726.933411
-698.045715
-717.125488
-666.462769
-683.672668
-639.214050
-669.751587
-616.411072
-643.010803
-583.175415
-615.191650
-539.638245
-575.493347
-501.939789
-547.360413
-470.228821
-514.333069
-423.662079
-469.891235
-384.403595
-438.899811
-336.624115
-387.806854
-291.500366
-352.979553
-241.214325
-298.891083
-195.952652
-263.133209
-140.905807
-202.528290
-98.267349
-171.790070
-49.233185
-111.608437
8.999132
-64.636230
64.510597
-7.801506
114.799049
37.235531
171.642334
98.173767
227.820053
147.093140
278.114471
200.357376
333.311279
254.701263
386.200562
306.411285
434.577545
355.668579
491.243378
414.397339
537.006042
455.559296
582.680908
509.203064
624.091736
547.735046
665.071167
596.211365
694.461365
623.952026
731.114746
672.304749
764.894653
700.479614
789.675598
734.177551
818.343994
764.818237
838.798523
788.272888
860.950562
816.606812
874.724609
831.051697
892.058350
857.274902
901.903137
865.202820
900.223999
873.480896
908.000000
887.032837
905.224121
884.433533
892.903320
882.021606
885.058716
879.998291
875.725098
873.893433
863.951172
866.523315
837.799194
843.698975
823.344727
840.714966
791.676453
803.703735
764.895630
794.513306
737.115845
760.256592
700.462524
734.981934
665.072388
700.910217
624.093079
666.054871
573.682312
619.729370
530.007446
585.522034
486.244873
540.016968
440.579102
500.192383
388.202179
447.802948
336.312958
403.572327
283.116150
349.962799
223.821777
296.111877
177.644073
253.395477
114.800819
185.742493
64.512383
147.856644
2.000916
74.529030
-52.510551
35.220093
-107.798996
-31.749229
-168.642273
-82.720284
-219.820007
-137.715851
-274.114410
-191.850037
-331.311249
-249.490936
-378.200531
-294.454742
-432.577484
-355.452545
-481.243347
-398.260986
-524.005981
-448.592926
-564.680847
-489.185791
-616.091736
-546.541382
-648.071106
-571.746582
-690.461304
-629.756287
-720.114746
-648.658203
-752.894653
-698.890747
-786.675537
-723.981995
-808.343933
-755.738220
-827.798523
-777.136963
-852.950562
-809.794678
-863.724609
-818.108276
-883.058350
-850.864929
-892.903137
-853.763428
-895.223999
-870.112732
-897.000000
-872.053650
-890.224121
-874.121033
-888.903320
-878.027710
-876.058716
-867.122498
-871.725098
-873.023132
-854.951172
-852.043396
-831.799194
-842.744873
-810.344727
-822.441345
-787.676453
-807.165466
-756.895630
-777.688843
-721.115845
-751.323730
-690.462524
-724.416382
-651.072388
-687.548157
-608.093079
-652.131348
-568.682312
-616.365967
-523.007507
-573.047363
-473.244934
-529.277344
-433.579132
-493.513336
-375.202240
-432.487579
-322.312988
-393.453400
-275.116211
-341.139465
-217.821823
-288.840057
-168.644135
-242.675232
-106.800865
-178.824432
-47.512428
-129.138245
