0.000000
0.000000
6.279052
4.709289
12.533323
4.926168
18.738131
9.499319
24.868988
10.160612
30.901699
14.646118
36.812454
15.677826
42.577927
20.051416
48.175365
21.367556
53.582680
25.597366
58.778522
27.114410
63.742397
31.165386
68.454712
32.803425
72.896858
36.638702
77.051323
38.321941
80.901695
41.904083
84.432793
43.561359
87.630669
46.853455
90.482704
48.418755
92.977646
51.385460
95.105652
52.798450
96.858315
55.406956
98.228722
56.613441
99.211472
58.834347
99.802673
59.786716
100.000000
61.594791
99.802673
62.252415
99.211472
63.627270
98.228729
63.956791
96.858315
64.883430
95.105652
64.859016
92.977654
65.328300
90.482704
64.931778
87.630669
64.940712
84.432793
64.161652
80.901703
63.713596
77.051323
62.549263
72.896866
61.654022
68.454712
60.109241
63.742401
58.783012
58.778530
56.869946
53.582684
55.135166
48.175373
52.872959
42.577934
50.758053
36.812458
48.172421
30.901705
45.711414
24.868994
42.834126
18.738136
40.066170
12.533328
36.934444
6.279057
33.903263
0.000005
30.559099
-6.279047
27.312346
-12.533318
23.801777
-18.738127
20.390320
-24.868982
16.762623
-30.901693
13.239777
-36.812450
9.546629
-42.577923
5.967358
-48.175362
2.261968
-53.582676
-1.317977
-58.778519
-4.981749
-63.742393
-8.506673
-68.454704
-12.075227
-72.896858
-15.490351
-77.051323
-18.911219
-80.901695
-22.163528
-84.432785
-25.386234
-87.630661
-28.425320
-90.482704
-31.402225
-92.977646
-34.181030
-95.105652
-36.868095
-96.858315
-39.343685
-98.228722
-41.701191
-99.211472
-43.835411
-99.802673
-45.828613
-100.000000
-47.588673
-99.802673
-49.188377
-99.211472
-50.547375
-98.228729
-51.730408
-96.858315
-52.667736
-95.105652
-53.417328
-92.977654
-53.919029
-90.482712
-54.225082
-87.630669
-54.284023
-84.432800
-54.143314
-80.901703
-53.759323
-77.051331
-53.175533
-72.896866
-52.355404
-68.454720
-51.339092
-63.742405
-50.096458
-58.778534
-48.664898
-53.582687
-47.020035
-48.175377
-45.196945
-42.577938
-43.176441
-36.812466
-40.991634
-30.901709
-38.627968
-24.868999
-36.116879
-18.738142
-33.447914
-12.533334
-30.651047
-6.279063
-27.719435
-0.000011
-24.681738
6.279041
-21.534237
12.533313
-18.304390
18.738121
-14.991146
24.868979
-11.620804
30.901690
-8.194544
36.812447
-4.737520
42.577919
-1.252733
48.175358
2.235841
53.582668
5.723766
58.778515
9.188300
63.742390
12.623959
68.454704
16.009289
72.896858
19.338112
77.051315
22.590351
80.901695
25.759491
84.432785
28.826893
87.630661
31.786022
90.482697
34.619797
92.977646
37.321930
95.105644
39.876987
96.858315
42.279209
98.228722
44.514893
99.211472
46.579033
99.802673
48.459743
100.000000
50.152977
99.802673
51.648746
99.211472
52.944115
98.228729
54.031063
96.858322
54.907898
95.105659
55.568607
92.977654
56.012859
90.482712
56.236660
87.630676
56.241116
84.432800
56.024235
80.901711
55.588627
77.051331
54.934265
72.896873
54.065285
68.454720
52.983555
63.742409
51.694725
58.778538
50.202503
53.582691
48.513985
48.175381
46.634624
42.577942
44.572895
36.812469
42.335869
30.901714
39.933300
24.869003
37.373730
18.738148
34.668079
12.533340
31.826189
6.279068
28.859997
0.000016
25.780472
-6.279036
22.600399
-12.533307
19.331682
-18.738115
15.987766
-24.868973
12.581289
-30.901684
9.126166
-36.812439
5.635538
-42.577915
2.123598
-48.175354
-1.396226
-53.582664
-4.909692
-58.778511
-8.403301
-63.742386
-11.862965
-68.454697
-15.275352
-72.896851
-18.626734
-77.051315
-21.904169
-80.901688
-25.094484
-84.432785
-28.185360
-87.630661
-31.164368
-90.482697
-34.020004
-92.977638
-36.740795
-95.105644
-39.316227
-96.858315
-41.735954
-98.228722
-43.990620
-99.211472
-46.071186
-99.802673
-47.969589
-100.000000
-49.678230
-99.802673
-51.190491
-99.211472
-52.500309
-98.228729
-53.602631
-96.858322
-54.493019
-95.105659
-55.168060
-92.977654
-55.625019
-90.482712
-55.862183
-87.630676
-55.878548
-84.432800
-55.674133
-80.901711
-55.249687
-77.051338
-54.606956
-72.896873
-53.748425
-68.454727
-52.677555
-63.742416
-51.398514
-58.778542
-49.916420
-53.582695
-48.237072
-48.175385
-46.367165
-42.577950
-44.314026
-36.812473
-42.085815
-30.901720
-39.691299
-24.869009
-37.139957
-18.738152
-34.441845
-12.533344
-31.607635
-6.279073
-28.648504
-0.000021
-25.576147
6.279030
-22.402687
12.533302
-19.140657
18.738110
-15.802936
24.868967
-12.402703
30.901678
-8.953375
36.812435
-5.468582
42.577908
-1.962066
48.175346
1.552315
53.582661
5.060701
58.778507
8.549228
63.742382
12.004135
68.454697
15.411779
72.896851
18.758707
77.051308
22.031710
80.901688
25.217867
84.432777
28.304590
87.630653
31.279715
90.482697
34.131474
92.977638
36.848629
95.105644
39.420437
96.858307
41.836758
98.228722
44.088051
99.211464
46.165417
99.802673
48.060680
100.000000
49.766323
99.802673
51.275650
99.211472
52.582664
98.228729
53.682243
96.858322
54.570007
95.105659
55.242489
92.977661
55.696999
90.482719
55.931767
87.630676
55.945835
84.432808
55.739189
80.901711
55.312588
77.051338
54.667774
72.896881
53.807232
68.454727
52.734406
63.742420
51.453491
58.778545
49.969566
53.582703
48.288471
48.175388
46.416847
42.577953
44.362080
36.812481
42.132267
30.901724
39.736221
24.869015
37.183384
18.738157
34.483841
12.533350
31.648235
6.279078
28.687765
0.000027
25.614103
-6.279025
22.439392
-12.533297
19.176144
-18.738106
15.837250
-24.868963
12.435876
-30.901674
8.985456
-36.812431
5.499592
-42.577904
1.992061
-48.175343
-1.523324
-53.582657
-5.032660
-58.778503
-8.522121
-63.742378
-11.977922
-68.454689
-15.386436
-72.896843
-18.734201
-77.051308
-22.008020
-80.901680
-25.194950
-84.432777
-28.282448
-87.630653
-31.258289
-90.482697
-34.110775
-92.977638
-36.828598
-95.105644
-39.401089
-96.858307
-41.818035
-98.228722
-44.069962
-99.211464
-46.147915
-99.802673
-48.043770
-100.000000
-49.749962
-99.802673
-51.259842
-99.211472
-52.567371
-98.228729
-53.667465
-96.858322
-54.555710
-95.105659
-55.228672
-92.977661
-55.683632
-90.482719
-55.918846
-87.630684
-55.933342
-84.432808
-55.727104
-80.901718
-55.300915
-77.051346
-54.656479
-72.896881
-53.796314
-68.454735
-52.723854
-63.742424
-51.443283
-58.778549
-49.959705
-53.582706
-48.278931
-48.175396
-46.407631
-42.577957
-44.353157
-36.812485
-42.123653
-30.901730
-39.727882
-24.869019
-37.175331
-18.738163
-34.476048
-12.533355
-31.640707
-6.279084
-28.680477
-0.000032
-25.607067
6.279020
-22.432577
12.533291
-19.169567
18.738100
-15.830877
24.868958
-12.429729
30.901669
-8.979499
36.812424
-5.493847
42.577900
-1.986488
48.175339
1.528695
53.582653
5.037869
58.778500
8.527144
63.742374
11.982790
68.454689
15.391136
72.896843
18.738750
77.051300
22.012407
80.901680
25.199209
84.432777
28.286547
87.630653
31.262274
90.482689
34.114601
92.977638
36.832329
95.105644
39.404663
96.858307
41.821518
98.228722
44.073303
99.211464
46.151169
99.802673
48.046894
100.000000
49.753002
99.802673
51.262760
99.211472
52.570210
98.228729
53.670193
96.858322
54.558365
95.105659
55.231224
92.977661
55.686111
90.482719
55.921234
87.630684
55.935661
84.432808
55.729340
80.901718
55.303082
77.051346
54.658569
72.896889
53.798347
68.454735
52.725803
63.742428
51.445187
58.778553
49.961525
53.582710
48.280708
48.175400
46.409332
42.577961
44.354820
36.812489
42.125244
30.901735
39.729439
24.869024
37.176819
18.738169
34.477501
12.533360
31.642097
6.279089
28.681839
0.000038
25.608368
-6.279015
22.433849
-12.533286
19.170780
-18.738094
15.832070
-24.868952
12.430862
-30.901663
8.980613
-36.812420
5.494907
-42.577896
1.987530
-48.175335
-1.527703
-53.582645
-5.036892
-58.778496
-8.526219
-63.742371
-11.981878
-68.454681
-15.390263
-72.896835
-18.737902
-77.051300
-22.011597
-80.901680
-25.198414
-84.432770
-28.285786
-87.630646
-31.261528
-90.482689
-34.113895
-92.977631
-36.831623
-95.105637
-39.404003
-96.858307
-41.820866
-98.228714
-44.072681
-99.211464
-46.150566
-99.802673
-48.046310
-100.000000
-49.752438
-99.802673
-51.262215
-99.211472
-52.569683
-98.228729
-53.669685
-96.858330
-54.557877
-95.105667
-55.230747
-92.977661
-55.685650
-90.482719
-55.920788
-87.630692
-55.935234
-84.432816
-55.728920
-80.901726
-55.302681
-77.051353
-54.658176
-72.896889
-53.797966
-68.454742
-52.725441
-63.742432
-51.444828
-58.778561
-49.961189
-53.582714
-48.280373
-48.175404
-46.409019
-42.577969
-44.354507
-36.812496
-42.124950
-30.901739
-39.729141
-24.869030
-37.176544
-18.738173
-34.477222
-12.533365
-31.641842
-6.279095
-28.681580
-0.000043
-25.608128
6.279009
-22.433609
12.533280
-19.170559
18.738089
-15.831846
24.868946
-12.430656
30.901659
-8.980404
36.812416
-5.494713
42.577888
-1.987337
48.175327
1.527885
53.582642
5.037073
58.778488
8.526388
63.742367
11.982050
68.454681
15.390426
72.896835
18.738058
77.051292
22.011742
80.901672
25.198563
84.432770
28.285927
87.630646
31.261665
90.482689
34.114029
92.977631
36.831753
95.105637
39.404129
96.858307
41.820988
98.228714
44.072800
99.211464
46.150681
99.802673
48.046421
100.000000
49.752544
99.802673
51.262318
99.211479
52.569790
98.228737
53.669781
96.858330
54.557972
95.105667
55.230839
92.977669
55.685745
90.482727
55.920876
87.630692
55.935322
84.432816
55.729004
80.901726
55.302765
77.051353
54.658257
72.896896
53.798050
68.454742
52.725510
63.742435
51.444908
58.778564
49.961254
53.582718
48.280445
48.175407
46.409081
42.577972
44.354576
36.812500
42.125008
30.901745
39.729206
24.869036
37.176598
18.738178
34.477283
12.533371
31.641891
6.279100
28.681635
0.000048
25.608173
-6.279004
22.433661
-12.533276
19.170601
-18.738083
15.831894
-24.868942
12.430696
-30.901653
8.980451
-36.812408
5.494753
-42.577885
1.987376
-48.175323
-1.527846
-53.582638
-5.037036
-58.778484
-8.526350
-63.742359
-11.982014
-68.454674
-15.390388
-72.896828
-18.738026
-77.051292
-22.011713
-80.901672
-25.198532
-84.432762
-28.285892
-87.630646
-31.261642
-90.482681
-34.113991
-92.977631
-36.831738
-95.105637
-39.404095
-96.858307
-41.820972
-98.228714
-44.072769
-99.211464
-46.150665
-99.802673
-48.046394
-100.000000
-49.752529
-99.802673
-51.262295
-99.211479
-52.569775
-98.228737
-53.669758
-96.858330
-54.557957
-95.105667
-55.230816
-92.977669
-55.685730
-90.482727
-55.920853
-87.630692
-55.935307
-84.432823
-55.728989
-80.901733
-55.302750
-77.051361
-54.658241
-72.896896
-53.798031
-68.454750
-52.725502
-63.742439
-51.444889
-58.778568
-49.961250
-53.582726
-48.280434
-48.175415
-46.409077
-42.577976
-44.354565
-36.812504
-42.125008
-30.901751
-39.729198
-24.869040
-37.176598
-18.738184
-34.477280
-12.533377
-31.641893
-6.279105
-28.681631
-0.000054
-25.608177
6.278998
-22.433657
12.533270
-19.170605
18.738079
-15.831890
24.868937
-12.430698
30.901648
-8.980450
36.812405
-5.494753
42.577881
-1.987379
48.175320
1.527846
53.582634
5.037035
58.778481
8.526352
63.742355
11.982009
68.454674
15.390393
72.896828
18.738024
77.051292
22.011717
80.901665
25.198521
84.432762
28.285904
87.630638
31.261627
90.482681
34.114006
92.977631
36.831722
95.105637
39.404106
96.858299
41.820953
98.228714
44.072784
99.211464
46.150650
99.802666
48.046402
100.000000
49.752522
99.802673
51.262299
99.211479
52.569767
98.228737
53.669762
96.858330
54.557949
95.105667
55.230820
92.977669
55.685722
90.482727
55.920856
87.630699
55.935303
84.432823
55.728985
80.901733
55.302746
77.051361
54.658237
72.896904
53.798035
68.454750
52.725494
63.742443
51.444897
58.778572
49.961243
53.582729
48.280441
48.175419
46.409073
42.577980
44.354572
36.812508
42.125004
30.901754
39.729206
24.869045
37.176598
18.738190
34.477287
12.533381
31.641893
6.279111
28.681641
0.000059
25.608177
-6.278993
22.433666
-12.533265
19.170607
-18.738073
15.831900
-24.868931
12.430704
-30.901644
8.980453
-36.812401
5.494760
-42.577877
1.987382
-48.175316
-1.527839
-53.582630
-5.037032
-58.778477
-8.526342
-63.742352
-11.982010
-68.454666
-15.390381
-72.896820
-18.738022
-77.051285
-22.011705
-80.901665
-25.198528
-84.432762
-28.285891
-87.630638
-31.261635
-90.482681
-34.113991
-92.977623
-36.831722
-95.105629
-39.404091
-96.858299
-41.820957
-98.228714
-44.072769
-99.211464
-46.150650
-99.802666
-48.046387
-100.000000
-49.752522
-99.802673
-51.262287
-99.211479
-52.569767
-98.228737
-53.669750
-96.858330
-54.557949
-95.105667
-55.230808
-92.977669
-55.685722
-90.482735
-55.920853
-87.630699
-55.935299
-84.432823
-55.728981
-80.901733
-55.302742
-77.051361
-54.658234
-72.896904
-53.798031
-68.454758
-52.725498
-63.742447
-51.444889
-58.778576
-49.961246
-53.582733
-48.280434
-48.175423
-46.409073
-42.577988
-44.354565
-36.812515
-42.125004
-30.901760
-39.729198
-24.869051
-37.176598
-18.738194
-34.477280
-12.533387
-31.641893
-6.279116
-28.681633
-0.000064
-25.608177
6.278988
-22.433659
12.533259
-19.170605
18.738068
-15.831894
24.868925
-12.430699
30.901638
-8.980452
36.812393
-5.494755
42.577869
-1.987382
48.175312
1.527845
53.582623
5.037031
58.778473
8.526348
63.742348
11.982008
68.454666
15.390388
72.896820
18.738022
77.051285
22.011711
80.901657
25.198521
84.432755
28.285896
87.630638
31.261631
90.482674
34.113991
92.977623
36.831726
95.105629
39.404091
96.858299
41.820961
98.228714
44.072769
99.211464
46.150654
99.802666
48.046387
100.000000
49.752525
99.802673
51.262287
99.211479
52.569771
98.228737
53.669754
96.858330
54.557957
95.105675
55.230820
92.977676
55.685730
90.482735
55.920856
87.630699
55.935307
84.432831
55.728992
80.901741
55.302750
77.051369
54.658245
72.896912
53.798038
68.454758
52.725502
63.742451
51.444901
58.778580
49.961250
53.582737
48.280445
48.175426
46.409081
42.577991
44.354576
36.812519
42.125011
30.901766
39.729210
24.869057
37.176605
18.738199
34.477291
12.533392
31.641901
6.279121
28.681644
0.000070
25.608185
-6.278982
22.433670
-12.533254
19.170612
-18.738062
15.831903
-24.868921
12.430708
-30.901632
8.980459
-36.812389
5.494765
-42.577866
1.987385
-48.175304
-1.527833
-53.582619
-5.037028
-58.778469
-8.526339
-63.742344
-11.982002
-68.454659
-15.390379
-72.896812
-18.738012
-77.051277
-22.011703
-80.901657
-25.198519
-84.432755
-28.285891
-87.630630
-31.261623
-90.482674
-34.113991
-92.977623
-36.831718
-95.105629
-39.404091
-96.858299
-41.820953
-98.228714
-44.072769
-99.211464
-46.150646
-99.802666
-48.046387
-100.000000
-49.752518
-99.802681
-51.262291
-99.211479
-52.569759
-98.228737
-53.669754
-96.858337
-54.557949
-95.105675
-55.230812
-92.977676
-55.685722
-90.482735
-55.920849
-87.630707
-55.935303
-84.432831
-55.728981
-80.901741
-55.302746
-77.051369
-54.658234
-72.896912
-53.798035
-68.454765
-52.725498
-63.742455
-51.444893
-58.778584
-49.961246
-53.582741
-48.280437
-48.175434
-46.409077
-42.577995
-44.354568
-36.812523
-42.125008
-30.901770
-39.729202
-24.869061
-37.176601
-18.738205
-34.477283
-12.533398
-31.641897
-6.279127
-28.681637
-0.000075
-25.608181
6.278977
-22.433664
12.533249
-19.170610
18.738058
-15.831898
24.868916
-12.430707
30.901628
-8.980453
36.812386
-5.494763
42.577862
-1.987383
48.175301
1.527837
53.582615
5.037029
58.778465
8.526342
63.742340
11.982002
68.454659
15.390386
72.896812
18.738014
77.051277
22.011707
80.901657
25.198519
84.432755
28.285894
87.630630
31.261621
90.482674
34.113998
92.977623
36.831715
95.105629
39.404099
96.858299
41.820950
98.228714
44.072777
99.211464
46.150642
99.802666
48.046394
100.000000
49.752514
99.802681
51.262299
99.211479
52.569756
98.228737
53.669762
96.858337
54.557945
95.105675
55.230820
92.977676
55.685722
90.482742
55.920860
87.630707
55.935299
84.432838
55.728996
80.901749
55.302746
77.051376
54.658249
72.896919
53.798035
68.454765
52.725506
63.742458
51.444897
58.778591
49.961258
53.582748
48.280441
48.175438
46.409088
42.578003
44.354576
36.812531
42.125019
30.901775
39.729210
24.869066
37.176613
18.738211
34.477291
12.533402
31.641907
6.279132
28.681646
0.000080
25.608191
-6.278972
22.433674
-12.533243
19.170616
-18.738052
15.831909
-24.868910
12.430712
-30.901623
8.980465
-36.812382
5.494769
-42.577854
1.987395
-48.175297
-1.527832
-53.582611
-5.037018
-58.778458
-8.526335
-63.742336
-11.981997
-68.454651
-15.390371
-72.896805
-18.738008
-77.051270
-22.011698
-80.901649
-25.198513
-84.432747
-28.285883
-87.630630
-31.261625
-90.482674
-34.113983
-92.977615
-36.831715
-95.105629
-39.404091
-96.858299
-41.820950
-98.228706
-44.072762
-99.211456
-46.150642
-99.802666
-48.046387
-100.000000
-49.752514
-99.802681
-51.262291
-99.211479
-52.569756
-98.228745
-53.669762
-96.858337
-54.557941
-95.105675
-55.230820
-92.977676
-55.685719
-90.482742
-55.920860
-87.630707
-55.935295
-84.432838
-55.728996
-80.901749
-55.302742
-77.051376
-54.658249
-72.896919
-53.798031
-68.454773
-52.725510
-63.742466
-51.444893
-58.778595
-49.961258
-53.582752
-48.280437
-48.175442
-46.409088
-42.578007
-44.354572
-36.812534
-42.125019
-30.901781
-39.729210
-24.869072
-37.176613
-18.738214
-34.477291
-12.533408
-31.641911
-6.279138
-28.681644
-0.000086
-25.608196
6.278966
-22.433672
12.533238
-19.170624
18.738047
-15.831910
24.868906
-12.430717
30.901617
-8.980469
36.812374
-5.494773
42.577850
-1.987397
48.175293
1.527827
53.582607
5.037016
58.778454
8.526333
63.742332
11.981993
68.454651
15.390373
72.896805
18.738007
77.051270
22.011696
80.901649
25.198511
84.432747
28.285883
87.630623
31.261616
90.482666
34.113983
92.977615
36.831711
95.105621
39.404083
96.858292
41.820946
98.228706
44.072762
99.211456
46.150639
99.802666
48.046387
100.000000
49.752510
99.802681
51.262291
99.211479
52.569752
98.228745
53.669762
96.858337
54.557938
95.105682
55.230827
92.977684
55.685715
90.482742
55.920864
87.630714
55.935299
84.432838
55.728992
80.901749
55.302746
77.051384
54.658253
72.896927
53.798035
68.454773
52.725510
63.742470
51.444901
58.778599
49.961258
53.582756
48.280445
48.175446
46.409088
42.578011
44.354580
36.812538
42.125019
30.901785
39.729214
24.869076
37.176613
18.738220
34.477295
12.533414
31.641909
6.279143
28.681648
0.000091
25.608194
-6.278961
22.433676
-12.533233
19.170624
-18.738041
15.831911
-24.868900
12.430717
-30.901613
8.980470
-36.812370
5.494774
-42.577847
1.987398
-48.175285
-1.527823
-53.582603
-5.037018
-58.778450
-8.526327
-63.742329
-11.981997
-68.454643
-15.390367
-72.896797
-18.738007
-77.051262
-22.011690
-80.901642
-25.198513
-84.432739
-28.285875
-87.630623
-31.261625
-90.482666
-34.113976
-92.977615
-36.831718
-95.105621
-39.404076
-96.858292
-41.820953
-98.228706
-44.072754
-99.211456
-46.150646
-99.802666
-48.046379
-100.000000
-49.752518
-99.802681
-51.262283
-99.211479
-52.569756
-98.228745
-53.669754
-96.858337
-54.557941
-95.105682
-55.230820
-92.977684
-55.685719
-90.482742
-55.920856
-87.630714
-55.935303
-84.432846
-55.728992
-80.901756
-55.302750
-77.051384
-54.658245
-72.896927
-53.798038
-68.454781
-52.725510
-63.742474
-51.444901
-58.778603
-49.961258
-53.582760
-48.280445
-48.175449
-46.409088
-42.578014
-44.354580
-36.812546
-42.125023
-30.901791
-39.729214
-24.869081
-37.176617
-18.738226
-34.477295
-12.533419
-31.641912
-6.279148
-28.681650
-0.000096
-25.608198
6.278955
-22.433678
12.533227
-19.170628
18.738037
-15.831911
24.868895
-12.430724
30.901608
-8.980467
36.812366
-5.494781
42.577843
-1.987395
48.175282
1.527818
53.582596
5.037017
58.778446
8.526322
63.742325
11.981995
68.454636
15.390358
72.896797
18.738010
77.051262
22.011683
80.901642
25.198515
84.432739
28.285868
87.630623
31.261627
90.482666
34.113968
92.977615
36.831718
95.105621
39.404072
96.858292
41.820953
98.228706
44.072750
99.211456
46.150646
99.802666
48.046375
100.000000
49.752518
99.802681
51.262283
99.211479
52.569759
98.228745
53.669754
96.858337
54.557945
95.105682
55.230820
92.977684
55.685722
90.482750
55.920864
87.630714
55.935299
84.432846
55.729000
80.901756
55.302746
77.051392
54.658260
72.896935
53.798035
68.454781
52.725517
63.742477
51.444901
58.778606
49.961266
53.582764
48.280445
48.175457
46.409096
42.578022
44.354580
36.812550
42.125027
30.901796
39.729218
24.869087
37.176620
18.738232
34.477299
12.533424
31.641916
6.279153
28.681654
0.000102
25.608200
-6.278950
22.433683
-12.533222
19.170630
-18.738031
15.831917
-24.868889
12.430727
-30.901602
8.980474
-36.812359
5.494784
-42.577835
1.987402
-48.175278
-1.527815
-53.582592
-5.037013
-58.778442
-8.526319
-63.742321
-11.981991
-68.454636
-15.390357
-72.896790
-18.738001
-77.051262
-22.011688
-80.901642
-25.198503
-84.432739
-28.285875
-87.630615
-31.261608
-90.482658
-34.113976
-92.977608
-36.831703
-95.105621
-39.404083
-96.858292
-41.820938
-98.228706
-44.072762
-99.211456
-46.150635
-99.802666
-48.046387
-100.000000
-49.752506
-99.802681
-51.262291
-99.211487
-52.569752
-98.228745
-53.669754
-96.858345
-54.557941
-95.105682
-55.230812
-92.977684
-55.685719
-90.482750
-55.920856
-87.630722
-55.935303
-84.432846
-55.728989
-80.901764
-55.302753
-77.051392
-54.658241
-72.896935
-53.798042
-68.454788
-52.725506
-63.742481
-51.444904
-58.778610
-49.961254
-53.582767
-48.280449
-48.175461
-46.409088
-42.578026
-44.354584
-36.812553
-42.125019
-30.901800
-39.729221
-24.869093
-37.176617
-18.738235
-34.477303
-12.533429
-31.641914
-6.279159
-28.681660
